
Algoritm: Selectionsort
Input: Ordered
715784320 antal op
----------------
256 32640
512 130816
1024 523776
2048 2096128
4096 8386560
8192 33550336
16384 134209536
32768 536854528

Algoritm: Insertionsort
Input: Ordered
65264 antal op
----------------
256 254
512 510
1024 1022
2048 2046
4096 4094
8192 8190
16384 16382
32768 32766

Algoritm: Quicksort
Input: Ordered
715914864 antal op
----------------
256 33150
512 131838
1024 525822
2048 2100222
4096 8394750
8192 33566718
16384 134242302
32768 536920062

Algoritm: Selectionsort
Input: Reverse
715784320 antal op
----------------
256 32640
512 130816
1024 523776
2048 2096128
4096 8386560
8192 33550336
16384 134209536
32768 536854528

Algoritm: Insertionsort
Input: Reverse
715719048 antal op
----------------
256 32385
512 130305
1024 522753
2048 2094081
4096 8382465
8192 33542145
16384 134193153
32768 536821761

Algoritm: Quicksort
Input: Reverse
477298340 antal op
----------------
256 22185
512 88064
1024 350889
2048 1400832
4096 5597865
8192 22380544
16384 89500329
32768 357957632

Algoritm: Selectionsort
Input: Random
4293660416 antal op
----------------
256 32640
512 130816
1024 523776
2048 2096128
4096 8386560
8192 33550336
16384 4286011256
32768 4259159518

Algoritm: Insertionsort
Input: Random
3042503405 antal op
----------------
256 22826
512 98193
1024 389802
2048 1496635
4096 6187428
8192 25746257
16384 4251084475
32768 4263160178

Algoritm: Quicksort
Input: Random
38860555 antal op
----------------
256 2665
512 5996
1024 13977
2048 30665
4096 67526
8192 149050
16384 323427
32768 702042

Algoritm: Selectionsort
Input: Nearly Random
4293660416 antal op
----------------
256 32640
512 130816
1024 523776
2048 2096128
4096 8386560
8192 33550336
16384 4286011256
32768 4259159518

Algoritm: Insertionsort
Input: Nearly Random
3125201738 antal op
----------------
256 14787
512 57984
1024 288346
2048 1095333
4096 4291302
8192 16463234
16384 71278331
32768 10684072

Algoritm: Quicksort
Input: Nearly Random
122670012 antal op
----------------
256 8314
512 21437
1024 50363
2048 101542
4096 217002
8192 472184
16384 1017941
32768 2200213
